rsid	effect_allele_gwas	ldscore	eqtl_beta	eqtl_se	eqtl_p	gwas_beta	gwas_se	gwas_p
rs10449300	G	16.3387	0.122073958	0.114470828	0.287482148	-0.00067683	0.0025788	0.79296
rs10494095	G	9.46725	0.021090531	0.121112593	0.861926553	-0.0025397	0.0032695	0.43728
rs10857790	T	11.4308	0.056750248	0.137096339	0.679345557	-0.0059203	0.0030763	0.054298
rs10857794	T	9.98854	-0.253248466	0.129569875	0.051991477	0.0017527	0.0031072	0.57271
rs10857845	G	12.1859	-0.110868283	0.15939746	0.487497021	0.0010757	0.0042918	0.8021
rs1105803	C	6.86616	-0.004773456	0.100690603	0.962234645	-0.0046994	0.0024941	0.059538
rs11102002	T	4.57267	0.046073904	0.196583426	0.81492797	-0.032913	0.0052238	2.97E-10
rs11102037	C	8.22678	-0.112574671	0.10659683	0.292169082	0.00192	0.0024698	0.43693
rs11102213	G	10.9916	-0.032977607	0.101395887	0.74533244	0.0065123	0.0023811	0.0062392
rs111598268	A	9.67444	0.233478003	0.168517726	0.167403883	-0.0046868	0.0042151	0.26617
rs112479902	A	15.4563	-0.383821905	0.201878653	0.058664954	0.019402	0.0048467	6.25E-05
rs112857853	G	2.30291	0.075162128	0.235712113	0.750146231	0.0060931	0.0056684	0.28241
rs114081229	C	4.67739	-0.170973737	0.201142304	0.396304238	0.0017986	0.0046542	0.69917
rs11436788	GA	8.11021	0.079675225	0.103200634	0.440974329	-0.0045765	0.0024614	0.062988
rs1149143	C	7.05482	-0.124962578	0.158295955	0.430772082	0.00026609	0.003617	0.94136
rs115181845	T	5.8038	0.171411915	0.235467605	0.467462313	-0.027213	0.0047653	1.13E-08
rs11577891	A	4.45613	0.01465731	0.247210106	0.952777885	0.0025879	0.0050161	0.60592
rs11583961	G	5.88685	0.137530239	0.123910261	0.268328272	0.0055623	0.0028168	0.048301
rs11585989	A	5.69069	-0.11868287	0.148386802	0.424735887	-0.0038936	0.0032468	0.23044
rs11588387	T	6.06223	-0.074460606	0.20142794	0.712012784	0.00040296	0.004641	0.93081
rs11591171	C	3.73573	-0.297814119	0.205761782	0.149312465	0.0014603	0.0043067	0.73455
rs116106394	G	4.63504	0.269706137	0.229936047	0.242165759	-0.0075926	0.0050872	0.13557
rs116363925	T	3.1688	-0.687872473	0.225669592	0.002604384	0.018424	0.0049124	0.00017652
rs116436507	C	5.84785	0.12476666	0.204454655	0.542374633	-0.007912	0.0045165	0.079809
rs11801449	T	13.5337	0.000337344	0.111025124	0.997578616	-0.0022511	0.0027993	0.4213
rs12021920	T	10.5276	-0.083857104	0.133460173	0.530483426	0.01236	0.0031935	0.00010864
rs12024138	C	6.01112	-0.192237464	0.213320733	0.368552247	-0.0033559	0.0057275	0.55792
rs12024479	G	9.52965	-0.025358643	0.089346928	0.776831688	0.0062483	0.0023553	0.0079816
rs12032927	A	4.16281	-0.059284756	0.199523025	0.766664826	0.01299	0.0071572	0.069537
rs12034102	T	15.1644	-0.069914246	0.108011542	0.518168189	-0.0055908	0.0028191	0.047347
rs12036565	T	4.36696	-0.048242158	0.183708774	0.793120351	0.010566	0.0046512	0.023102
rs12062198	G	10.4372	-0.064021681	0.10120159	0.527686414	0.0017047	0.0023671	0.47142
rs12089727	T	7.81205	0.081961757	0.15764654	0.60368567	0.0027028	0.004309	0.5305
rs12131828	A	4.00041	-0.284001733	0.178725618	0.11358547	0.0072769	0.0050336	0.14827
rs12132545	G	20.9681	0.082785334	0.102156983	0.418660595	-0.0050402	0.0023562	0.032424
rs12133506	C	11.5476	0.081935618	0.118479469	0.489992575	0.0039554	0.002846	0.16459
rs12408727	A	2.25562	0.01362403	0.142537448	0.923945388	0.0043014	0.0038766	0.26718
rs12731384	T	1.98891	0.15568972	0.193512117	0.422008297	0.0003087	0.0049394	0.95017
rs12736166	G	4.5237	0.049781259	0.136660993	0.716031343	0.0034016	0.0036953	0.3573
rs12745191	T	10.2158	0.046959593	0.106881705	0.660860919	0.00017643	0.0027501	0.94885
rs12749153	T	9.39761	0.24699965	0.166915692	0.140457791	0.0045354	0.0040466	0.26237
rs1277223	T	12.2857	0.02344971	0.105935494	0.825032657	-0.002277	0.0023924	0.34122
rs1278286	T	7.8707	0.017440876	0.138089573	0.899616709	0.020799	0.0035513	4.73E-09
rs1279636	C	9.69955	0.049845654	0.205997641	0.809042599	-0.0051901	0.007929	0.51274
rs13303191	T	17.7689	-0.269211198	0.099025786	0.007114922	0.0025916	0.0024438	0.28893
rs1333124	T	12.6649	-0.168967254	0.108750566	0.121787662	0.0095361	0.002398	6.99E-05
rs138509427	A	8.24629	0.554176993	0.189171055	0.003777644	-0.038042	0.0046249	1.95E-16
rs14000	C	9.24254	-0.531412367	0.155631237	0.000769307	0.02872	0.0038727	1.21E-13
rs144034706	ACGC	13.8629	0.237462585	0.109679664	0.031532858	-0.021388	0.002666	1.04E-15
rs1475694	T	5.40407	0.07111564	0.107703308	0.509804057	-0.00056255	0.0024114	0.81554
rs150112018	AGCCACCATGCCAG	8.67761	0.175175	0.260553207	0.502133706	0.014269	0.0061274	0.019874
rs1537236	T	14.3591	-0.072659573	0.09973301	0.467109949	0.011012	0.0023527	2.86E-06
rs17024882	T	4.61538	-0.16668766	0.235484069	0.479837823	-0.0032515	0.0047533	0.49394
rs17025524	T	8.4566	-0.161059184	0.14276304	0.260565637	0.0016237	0.0038789	0.6755
rs17029497	A	9.14522	0.17200958	0.142147277	0.227634892	-0.002668	0.0032853	0.41673
rs17035665	T	9.77024	0.591220054	0.118678743	1.33E-06	-0.042852	0.0029396	4.06E-48
rs17566228	T	15.0301	0.525130408	0.184577029	0.004888766	-0.010357	0.0048728	0.033544
rs17574954	A	4.55573	-0.077034286	0.203571425	0.70551272	0.0077485	0.0047002	0.099241
rs1758104	T	6.98485	-0.104554951	0.111959063	0.351465481	-0.0016395	0.0029658	0.58039
rs17608459	A	4.21696	-0.124660482	0.172491242	0.470680121	-0.00077845	0.0038761	0.84083
rs17616564	A	8.08422	0.002051892	0.153417997	0.98934194	0.0016768	0.0038193	0.66064
rs1764834	C	14.3802	0.021767584	0.110718007	0.844331401	-0.0026849	0.0027329	0.32588
rs1889717	G	12.7121	-0.043911225	0.101573592	0.665968703	-7.26E-05	0.0023664	0.97554
rs189469609	A	8.25023	0.207447176	0.190624241	0.277755507	-0.0043579	0.0043694	0.31858
rs2050462	G	11.7749	-0.010639281	0.09597805	0.911842279	0.0064145	0.0024364	0.0084706
rs2077402	A	1.63121	0.091287871	0.142900597	0.523649158	0.0013982	0.0031956	0.66173
rs2094469	G	7.22138	0.095246999	0.109250358	0.384319778	0.0024281	0.0027359	0.37482
rs2269340	C	10.2847	0.028844834	0.167788464	0.863675555	0.019935	0.0043767	5.25E-06
rs2454327	A	9.73574	0.141462698	0.119742258	0.238808601	-0.0034941	0.00277	0.20716
rs2603594	A	12.4279	-0.090819149	0.103198296	0.379860402	0.0025937	0.0024006	0.27995
rs333950	G	4.68408	-0.112739349	0.095829193	0.240768212	-0.0060192	0.0024257	0.013085
rs333961	T	5.51901	-0.025298938	0.096134422	0.79268865	0.00069585	0.0024512	0.7765
rs34653521	TA	9.45382	-0.190475697	0.183542959	0.300592924	0.010252	0.0053172	0.053837
rs34941779	T	5.83206	0.108394079	0.098503407	0.272437976	-0.014171	0.0025782	3.88E-08
rs35460196	A	5.51573	0.081652505	0.134582292	0.544711041	-0.00056814	0.0033734	0.86625
rs36108038	C	20.6208	0.019341609	0.154991163	0.900810158	0.0021241	0.0042299	0.61555
rs3736956	T	19.7848	-0.097352117	0.098540879	0.324342781	-0.0066455	0.0023701	0.0050495
rs3768471	A	3.26333	-0.273545324	0.205925284	0.185525085	0.0054884	0.0048484	0.25764
rs3818572	C	7.26217	0.081036928	0.100247754	0.419812162	-0.0061377	0.0024422	0.011967
rs3820666	C	7.3548	-0.109787119	0.101698973	0.281613734	0.0015162	0.0026347	0.56498
rs3850616	T	14.2004	0.279524695	0.131701906	0.034998004	-0.025974	0.0031944	4.27E-16
rs3902354	A	16.9516	0.683756142	0.095030131	1.14E-11	-0.08024	0.0025072	2.04E-224
rs41279732	G	9.51746	0.265873025	0.187752783	0.158262226	-0.056594	0.0048229	8.62E-32
rs4246519	G	11.8855	0.118349521	0.100695287	0.241222031	-0.0093404	0.0023799	8.69E-05
rs426597	A	6.0506	-0.032377886	0.093676815	0.729970542	0.0025549	0.0023862	0.28432
rs4839136	G	8.89769	0.149797265	0.12887132	0.246426571	-0.0040666	0.0034518	0.23875
rs4839279	G	31.442	-0.211316332	0.098931858	0.033861261	0.0009239	0.0023758	0.69737
rs493120	G	3.72357	-0.204865335	0.109893086	0.063712832	-0.0035713	0.0028146	0.2045
rs4970779	T	10.1642	0.119138115	0.104048482	0.253527352	-0.0073799	0.002651	0.0053737
rs4970835	A	7.77772	-0.328557032	0.110210182	0.003217077	0.037684	0.0029105	2.48E-38
rs497451	T	25.9379	0.044527005	0.09457183	0.638262194	-0.0021153	0.0024106	0.38022
rs501991	G	7.9674	-0.120433664	0.119783198	0.3158692	0.0027359	0.0028514	0.33731
rs560018	C	15.7397	0.117904893	0.104942415	0.262524356	-0.0036706	0.0024388	0.1323
rs566394	G	11.2138	0.257241938	0.141914778	0.071341465	-0.0037851	0.003374	0.26193
rs579035	A	5.15975	-0.054107556	0.101199826	0.593461192	0.0042425	0.0024272	0.080488
rs58271928	T	8.64886	0.174815267	0.161267657	0.279628774	-0.0044739	0.00465	0.33598
rs585362	T	9.57756	0.651911522	0.108377643	8.09E-09	-0.05863	0.0032596	2.65E-72
rs593644	G	8.50392	-0.007625466	0.100250599	0.939441962	-0.0022241	0.0024918	0.37211
rs610249	A	16.9616	0.025776135	0.101333705	0.799464367	-0.020298	0.0023704	1.10E-17
rs617293	G	10.5551	-0.036434023	0.105411918	0.72996992	-0.0058163	0.0025506	0.022585
rs61784498	A	2.3599	-0.358617672	0.203108268	0.078936365	0.01495	0.0059399	0.011842
rs61797012	T	4.61212	-0.084094339	0.118260831	0.477831558	0.00060298	0.0035444	0.86491
rs61797272	C	5.99903	0.235051253	0.1717215	0.172554615	-0.0054417	0.0040016	0.17387
rs629001	T	11.8663	0.629081818	0.190754029	0.001147528	-0.049156	0.0046032	1.29E-26
rs638820	A	11.8492	0.069951849	0.09466803	0.460798277	-0.0077925	0.0023544	0.0009337
rs651649	A	18.5512	-0.267891394	0.093271921	0.004503295	0.03425	0.0023593	9.77E-48
rs6537875	G	11.3394	-0.090470728	0.101265881	0.372686627	-0.0016624	0.0023767	0.48428
rs6537883	C	9.86031	0.000583409	0.094318137	0.995070665	0.002343	0.0023644	0.32172
rs6656838	A	10.6473	-0.185951186	0.127251584	0.145460139	-0.0053715	0.0029552	0.069115
rs66683180	T	1.66143	0.188838836	0.200226643	0.34672152	0.0027598	0.0052584	0.59969
rs6670322	A	16.8968	-0.206085876	0.103279781	0.047315356	-1.42E-05	0.0024107	0.9953
rs6677122	T	6.62443	0.691344575	0.189705049	0.000339394	-0.084212	0.0059212	6.89E-46
rs6684562	A	21.4753	0.031516128	0.10946422	0.773703099	0.0077739	0.0027672	0.0049649
rs6699649	A	9.20858	0.031852447	0.147813552	0.829597961	-0.0036112	0.0040858	0.37679
rs6703128	T	10.5586	-0.091696028	0.134195233	0.495183091	0.0053291	0.0032745	0.10364
rs67603431	G	5.58644	0.11669878	0.199400074	0.559020542	0.014858	0.0065574	0.023459
rs68104325	TTCCTAACC	10.9213	0.696114446	0.131112241	2.84E-07	-0.074023	0.0032346	7.98E-116
rs71655989	G	6.0945	0.453629208	0.177018236	0.011102394	0.0057176	0.0047795	0.23159
rs72695620	C	3.0849	-0.285766862	0.240431432	0.235981761	0.0002558	0.0054238	0.96238
rs72697104	G	4.62097	0.108905267	0.195023542	0.577163294	-0.013524	0.0046158	0.0033899
rs72705222	T	3.65009	-0.234086307	0.175235673	0.183076455	0.024521	0.0054708	7.39E-06
rs72974756	G	2.42789	0.234883325	0.189537065	0.216663903	0.0049549	0.0055101	0.36853
rs731756	A	14.2381	0.152319925	0.156339553	0.331055681	-0.0090201	0.0041907	0.031368
rs7366900	C	5.54667	0.038238702	0.117360313	0.74488892	0.0025986	0.0027041	0.33656
rs7517648	T	4.4232	0.509263291	0.182874031	0.005855719	-0.0046172	0.0048414	0.34024
rs7518585	G	11.1809	-0.207118531	0.093240183	0.027416299	0.00091823	0.0023624	0.69751
rs7524737	T	4.5728	0.056939031	0.12234855	0.642148255	0.0012089	0.0029017	0.67696
rs7527452	A	6.63451	-0.224207269	0.183074267	0.222094672	0.013095	0.0051585	0.011132
rs7534034	T	3.3537	-0.171863822	0.18135916	0.344421314	-0.0063601	0.0058639	0.27809
rs7538131	C	7.10669	-0.060510806	0.12067554	0.616601229	0.0015146	0.0028397	0.59379
rs7547765	T	6.18369	0.023964667	0.13983765	0.864097189	0.0019006	0.0034725	0.58415
rs7553095	T	18.8522	-0.281540864	0.100982371	0.005799555	0.0027732	0.0023542	0.23882
rs75840386	G	12.7863	-0.134584935	0.200439238	0.502686116	-0.0028358	0.0040482	0.4836
rs76651066	C	13.8334	0.079924069	0.175970171	0.650169536	-0.0041581	0.0055982	0.45763
rs77854863	A	3.4831	0.278930072	0.216684939	0.199447765	-0.022934	0.0051506	8.48E-06
rs78104417	C	1.60915	0.111447082	0.21359971	0.602400263	0.0011463	0.0060056	0.84863
rs79154420	A	2.94696	-0.126715608	0.185689251	0.495748374	0.00087725	0.0053879	0.87066
rs79247538	A	11.1761	0.000114122	0.157890989	0.999423996	0.0067096	0.0050823	0.18677
rs79705656	A	9.33897	0.172097117	0.14028123	0.221297787	0.0058374	0.0034478	0.090441
rs814325	A	19.6443	0.131943186	0.101004433	0.192903522	0.0013832	0.0024384	0.57055
rs839546	T	21.9749	-0.173966191	0.096254659	0.072166072	0.0019755	0.0023564	0.40183
rs892510	G	15.1005	0.319241888	0.108444876	0.003614039	-0.019638	0.0026679	1.83E-13
rs958798	T	1.98153	-0.056982481	0.129481302	0.660338598	-0.0020069	0.0029201	0.49191
rs968632	G	7.35847	0.052656962	0.213709311	0.805621621	0.0077954	0.004401	0.076514
rs9697383	T	14.8993	0.238086346	0.097944251	0.015919807	-0.015923	0.0023779	2.14E-11
